# frame_id: camera_init
# z_semantics: ground
# columns: id x y z_ground type
1 141.463375 22.084419 -0.710817 CORNER
2 146.361329 21.041919 -1.407021 CORNER
3 151.082262 21.324479 -2.694458 CORNER
4 155.233844 21.390149 -4.024035 CORNER
5 161.934041 21.585173 -6.140732 CORNER
6 164.014792 24.291771 -6.104136 CORNER
7 172.429054 26.739045 -6.032089 CORNER
8 173.246162 27.316113 -6.045951 CORNER
9 174.212455 36.932926 -5.926187 CORNER
10 174.932041 44.143272 -5.826212 CORNER
11 183.446935 45.546246 -5.809265 CORNER
12 184.043177 60.724898 -5.681679 CORNER
13 184.053423 66.833029 -5.159425 CORNER
14 182.918692 79.664425 -5.068617 CORNER
15 182.318074 92.656004 -5.091927 CORNER
16 180.022316 100.558108 -5.229206 CORNER
17 179.40775 101.114658 -5.177354 CORNER
18 172.62046 102.076783 -5.190377 CORNER
19 167.145671 98.813143 -5.168888 CORNER
20 160.43567 98.572065 -5.08095 CORNER
21 153.80408 98.519522 -2.311309 CORNER
22 146.683829 98.354964 0.557659 CORNER
23 138.820743 97.512597 0.288078 CORNER
24 138.693511 87.989349 0.243347 CORNER
25 138.828784 77.838112 0.277565 CORNER
26 138.904429 64.883725 0.073981 CORNER
27 139.140935 51.906017 -0.064503 CORNER
28 139.647586 36.933289 -0.306796 CORNER
