# frame_id: camera_init
# z_semantics: ground
# columns: id x y z_ground type
1 -9.788667 1.849282 -0.498997 CORNER
2 -14.512368 2.891336 -0.503436 CORNER
3 -17.498459 3.51305 -0.508703 CORNER
4 -20.510698 5.97359 -0.500257 CORNER
5 -21.399225 7.770544 -0.494379 CORNER
6 -27.985325 8.914634 -0.527484 CORNER
7 -30.637726 9.479404 -0.546154 CORNER
8 -31.540131 4.680447 -0.565556 CORNER
9 -32.60548 -1.73075 -0.618107 CORNER
10 -29.505485 -2.178459 -0.580233 CORNER
11 -27.732388 -2.418769 -0.573932 CORNER
12 -27.611493 -1.101898 -0.563558 CORNER
13 -26.777049 3.270293 -2.465317 CORNER
14 -25.334232 2.700264 -2.461719 CORNER
15 -26.137792 -1.801509 -4.515769 CORNER
16 -27.570401 -1.298982 -4.551826 CORNER
17 -26.641361 3.23245 -6.553457 CORNER
18 -25.312758 2.548497 -6.546325 CORNER
19 -26.130978 -1.832909 -8.608033 CORNER
20 -27.448616 -0.907809 -8.627536 CORNER
21 -26.58814 3.717021 -10.946012 CORNER
22 -25.125767 3.330562 -10.927818 CORNER
23 -25.893621 -0.684755 -12.94594 CORNER
24 -26.956675 -2.420877 -12.989349 CORNER
25 -29.701298 -2.507541 -13.039807 CORNER
