# frame_id: camera_init
# z_semantics: ground
# columns: id x y z_ground type
1 140.750416 21.525246 -1.48887 CORNER
2 144.017634 21.401761 -1.433716 CORNER
3 146.620895 21.277356 -1.395751 CORNER
4 150.792098 21.088798 -2.708322 CORNER
5 155.272183 21.196974 -4.029157 CORNER
6 161.793965 21.526443 -6.140109 CORNER
7 174.401288 30.667897 -5.989743 CORNER
8 174.613328 44.541946 -5.812928 CORNER
9 183.873218 45.61753 -5.788019 CORNER
10 183.725053 60.062308 -5.682723 CORNER
11 183.235914 69.162646 -5.124996 CORNER
12 181.729559 95.834548 -5.140808 CORNER
13 178.085678 104.156012 -5.199147 CORNER
14 166.448577 98.789578 -5.166168 CORNER
15 160.141546 98.715711 -5.069339 CORNER
16 153.73044 98.543969 -2.315086 CORNER
17 146.65174 98.235627 0.562273 CORNER
18 138.21483 95.35521 0.249372 CORNER
19 138.777363 75.33493 0.205518 CORNER
20 139.094941 53.219037 -0.059909 CORNER
21 140.041222 25.739832 -0.643812 CORNER
